Vertex Count: 8

Data:

-1.000000 -1.000000 1.000000 0.000000 0.000000 1.000000 0.000000 0.000000
-1.000000 -1.000000 -1.000000 1.000000 0.000000 1.000000 0.000000 0.000000
1.000000 -1.000000 -1.000000 1.000000 -1.000000 1.000000 0.000000 0.000000
1.000000 -1.000000 1.000000 0.000000 -1.000000 1.000000 0.000000 0.000000
 -1.000000 1.000000 1.000000 -1.000000 0.000000 1.000000 0.000000 0.000000
-1.000000 1.000000 -1.000000 -1.000000 -1.000000 1.000000 0.000000 0.000000
 1.000000 1.000000 -1.000000 0.000000 1.000000 1.000000 0.000000 0.000000
 1.000000 1.000000 1.000000 -1.000000 1.000000 1.000000 0.000000 0.000000

